SUBNET	Wrangell	62.0057	-144.0194	0
scn	WANC.EHZ.AV	62.0027	-144.0720	4.19	24.5471	1
scn	WAZA.EHZ.AV	62.0746	-144.1544	2.53	6.1629	1
scn	WASW.EHZ.AV	61.9277	-144.1745	2.20	6.1629	1
scn	WACK.EHN.AV	61.9858	-144.3305	2.28	6.9832	0
scn	WACK.EHZ.AV	61.9858	-144.3305	2.28	6.9832	1
scn	WACK.EHE.AV	61.9858	-144.3305	2.28	6.9832	0

Spurr		61.2989	-152.2539	30	1
SUBNET	Spurr	61.2989	-152.2539	1
scn	CP2.EHZ.AV	61.2636	-152.2441	1.98	2.4460	0
scn	CRP.EHN.AV	61.2664	-152.1578	1.62	0.1542	0
scn	CRP.EHE.AV	61.2664	-152.1578	1.62	0.1542	0
scn	CRP.EHZ.AV	61.2664	-152.1578	1.62	0.1542	1
scn	SPCP.BHN.AV	61.2655	-152.1550	1.62	0.2304	0
scn	SPCP.BHE.AV	61.2655	-152.1550	1.62	0.2284	0
scn	SPCP.BHZ.AV	61.2655	-152.1550	1.62	0.2476	0
scn	SPBG.BHZ.AV	61.2591	-152.3722	1.09	0.2476	1
scn	SPBG.BHN.AV	61.2591	-152.3722	1.09	0.2304	0
scn	SPBG.BHE.AV	61.2591	-152.3722	1.09	0.2284	0
scn	BGL.EHZ.AV	61.2663	-152.3913	1.13	0.3470	1
scn	SPCN.BHN.AV	61.2244	-152.1854	0.73	0.2304	0
scn	SPCN.BHE.AV	61.2244	-152.1854	0.73	0.2284	0
scn	SPCN.BHZ.AV	61.2244	-152.1854	0.73	0.2476	0
scn	CKN.EHZ.AV	61.2234	-152.1838	0.73	1.3810	1
scn	SPCR.BHE.AV	61.2003	-152.2091	0.98	0.2284	0
scn	SPCR.BHN.AV	61.2003	-152.2091	0.98	0.2304	0
scn	SPCR.BHZ.AV	61.2003	-152.2091	0.98	0.2476	1
scn	CKT.EHZ.AV	61.2002	-152.2085	0.97	0.6920	1
scn	SPCG.BHZ.AV	61.2913	-152.0228	1.33	0.2476	0
scn	SPCG.BHE.AV	61.2913	-152.0228	1.33	0.2284	0
scn	SPCG.BHN.AV	61.2913	-152.0228	1.33	0.2304	0
scn	CKL.EHZ.AV	61.1934	-152.3401	1.28	0.1740	0
scn	NCG.EHZ.AV	61.4031	-152.1590	1.24	23.0590	0
scn	CGL.EHZ.AV	61.3071	-152.0090	1.08	0.6920	0
scn	SPWE.EHZ.AV	61.2728	-152.5614	1.33	0.1740	0
scn	SPU.EHZ.AV	61.1811	-152.0566	0.80	0.1550	0
scn	BKG.EHZ.AV	61.0696	-152.2650	1.01	0.7140	0


SUBNET	Redoubt	60.4852	-152.7438	1
scn	RSO.EHZ.AV	60.4616	-152.7560	1.92	0.0870	1
scn	REF.EHZ.AV	60.4888	-152.6940	1.64	1.2860	1
scn	REF.EHN.AV	60.4888	-152.6940	1.64	2.5660	0
scn	REF.EHE.AV	60.4888	-152.6940	1.64	2.5660	0
scn	RDSO.BHZ.AV	60.4536	-152.7430	1.56	0.2476	1
scn	RDSO.BHE.AV	60.4536	-152.7430	1.56	0.2284	0
scn	RDSO.BHN.AV	60.4536	-152.7430	1.56	0.2304	0
scn	RDN.EHZ.AV	60.5224	-152.7401	1.40	1.3870	1
scn	RDWB.BHE.AV	60.4875	-152.8425	1.55	0.2284	0
scn	RDWB.BHZ.AV	60.4875	-152.8425	1.55	0.2304	1
scn	RDWB.BHN.AV	60.4875	-152.8425	1.55	0.2304	0
scn	RED.EHZ.AV	60.4196	-152.7742	1.07	11.0720	1
scn	RED.EHE.AV	60.4196	-152.7742	1.07	11.0720	0
scn	RED.EHN.AV	60.4196	-152.7742	1.07	11.0720	0
scn	RED.BHZ.AV	60.4196	-152.7742	1.07	0.2476	0
scn	RED.BHN.AV	60.4196	-152.7742	1.07	0.2304	0
scn	RED.BHE.AV	60.4196	-152.7742	1.07	0.2284	0
scn	RDDF.BHE.AV	60.5912	-152.6883	1.13	0.2284	0
scn	RDDF.BHZ.AV	60.5912	-152.6883	1.13	0.2476	1
scn	RDDF.BHN.AV	60.5912	-152.6883	1.13	0.2304	0
scn	DFR.EHZ.AV	60.5913	-152.6882	1.09	0.3470	0
scn	RDJH.BHE.AV	60.5905	-152.8058	1.41	0.2284	0
scn	RDJH.BHZ.AV	60.5905	-152.8058	1.41	0.2476	0
scn	RDJH.BHN.AV	60.5905	-152.8058	1.41	0.2304	0
scn	NCT.EHZ.AV	60.5621	-152.9293	1.14	0.3080	0
scn	NCT.BHZ.AV	60.5621	-152.9293	1.14	0.2476	0
scn	NCT.BHE.AV	60.5621	-152.9293	1.14	0.2284	0
scn	NCT.BHN.AV	60.5621	-152.9293	1.14	0.2304	0
scn	RDDR.EHZ.AV	60.5843	-152.5887	0.91	11.0720	0
scn	RDT.EHZ.AV	60.5726	-152.4075	0.93	12.8301	0
scn	BGR.EHZ.AV	60.7569	-152.4199	0.98	0.3690	0
scn	ILI.EHZ.AV	60.0807	-152.9606	0.77	1.3870	0


SUBNET	Iliamna	60.0319	-153.0918	1
scn	IVS.EHZ.AV	60.0086	-153.0830	2.33	2.7930	0
scn	INE.EHZ.AV	60.0599	-153.0644	1.63	2.9520	1
scn	ILW.EHZ.AV	60.0592	-153.1392	1.65	0.7190	1
scn	IVE.EHE.AV	60.0163	-153.0185	1.17	47.2567	0
scn	IVE.EHZ.AV	60.0163	-153.0185	1.17	5.6199	1
scn	IVE.EHN.AV	60.0163	-153.0185	1.17	47.2567	0
scn	ILS.EHZ.AV	59.9570	-153.0703	1.12	5.6309	1
scn	ILI.EHZ.AV	60.0807	-152.9606	0.77	1.3870	1
scn	OPT.EHZ.AV	59.6526	-153.2321	0.60	2.5670	0
scn	OPT.EHZ.AV	59.6526	-153.2321	0.60	2.5670	0


SUBNET	Augustine	59.3626	-153.4350	1
scn	AUH.EHZ.AV	59.3632	-153.4454	0.89	2.2640	1
scn	AUP.EHZ.AV	59.3627	-153.4226	1.03	10.9030	1
scn	AUJK.EHZ.AV	59.3493	-153.4106	0.38	12.2041	1
scn	AUL.EHZ.AV	59.3816	-153.4379	0.36	11.6930	1
scn	AUL.BHE.AV	59.3816	-153.4379	0.36	0.2284	0
scn	AUL.BHN.AV	59.3816	-153.4379	0.36	0.2304	0
scn	AUL.BHZ.AV	59.3816	-153.4379	0.36	0.2476	0
scn	AUW.EHZ.AV	59.3694	-153.4730	0.28	5.8370	1
scn	AUNW.EHZ.AV	59.3775	-153.4790	0.16	0.1160	0
scn	AUI.EHZ.AV	59.3345	-153.4299	0.29	11.7590	1
scn	AUI.EHN.AV	59.3345	-153.4299	0.29	11.2641	0
scn	AUI.EHE.AV	59.3345	-153.4299	0.29	11.3420	0
scn	AUE.EHZ.AV	59.3711	-153.3773	0.17	11.6580	0
scn	OPT.EHZ.AV	59.6526	-153.2321	0.60	2.5670	0
scn	OPT.EHZ.AV	59.6526	-153.2321	0.60	2.5670	0
scn	CDD.EHZ.AV	58.9289	-153.6449	0.62	2.8590	0


SUBNET	Fourpeaked	58.7703	-153.6738	1
scn	FOSS.EHZ.AV	58.7987	-153.6971	1.27	11.0720	0
scn	FOPK.EHZ.AV	58.7574	-153.4762	0.55	5.5491	0
scn	FONW.EHZ.AV	58.8341	-153.9204	0.91	5.6079	1
scn	CDD.EHZ.AV	58.9289	-153.6449	0.62	2.8590	0

SUBNET	KatmaiRegion	58.2790	-154.9533	1
scn	KAWH.EHZ.AV	58.3830	-154.7813	0.78	10.9560	1
scn	KAKN.BHZ.AV	58.2963	-155.0632	1.05	0.2476	0
scn	KAKN.BHE.AV	58.2963	-155.0632	1.05	0.2284	0
scn	KAKN.BHN.AV	58.2963	-155.0632	1.05	0.2304	0
scn	KCG.EHN.AV	58.3069	-155.1135	0.76	11.4190	0
scn	KBM.EHZ.AV	58.2743	-155.2038	0.73	10.9560	1
scn	KCE.EHZ.AV	58.2426	-155.1854	0.78	10.9560	1
scn	ACH.EHZ.AV	58.2100	-155.3281	0.96	11.4190	1
scn	MGLS.EHZ.AV	58.1336	-155.1629	0.47	3.0900	1
scn	KABU.BHZ.AV	58.2702	-155.2843	1.06	0.2476	1
scn	KABU.BHN.AV	58.2702	-155.2843	1.06	0.2304	0
scn	KABU.BHE.AV	58.2702	-155.2843	1.06	0.2284	0
scn	ANCK.EHZ.AV	58.1981	-155.4961	0.87	3.0900	1

SUBNET	Snowy	58.3336	-154.6859	0
scn	KAWH.EHZ.AV	58.3830	-154.7813	0.78	10.9560	1
scn	KARR.EHZ.AV	58.4971	-154.7054	0.61	21.8598	1
scn	KAHG.EHZ.AV	58.4933	-154.5484	0.92	10.9560	1
scn	KAKN.BHZ.AV	58.2963	-155.0632	1.05	0.2476	0
scn	KAKN.BHE.AV	58.2963	-155.0632	1.05	0.2284	0
scn	KAKN.BHN.AV	58.2963	-155.0632	1.05	0.2304	0
scn	KCG.EHE.AV	58.3069	-155.1135	0.76	11.4190	0
scn	KCG.EHN.AV	58.3069	-155.1135	0.76	11.4190	0
scn	KCG.EHZ.AV	58.3069	-155.1135	0.76	11.4190	0
scn	KAIC.EHZ.AV	58.4843	-155.0479	0.73	6.1660	0
scn	KABR.EHZ.AV	58.1305	-154.9713	0.88	5.4909	1
scn	KAPH.EHE.AV	58.5961	-154.3489	0.91	11.4190	0
scn	KAPH.EHZ.AV	58.5961	-154.3489	0.91	11.4190	1
scn	KAPH.EHN.AV	58.5961	-154.3489	0.91	11.4190	0
scn	KAHC.EHZ.AV	58.6483	-155.0081	1.25	2.7520	0


SUBNET	Katmai	58.2790	-154.9533	0
scn	KAKN.BHZ.AV	58.2963	-155.0632	1.05	0.2476	0
scn	KAKN.BHE.AV	58.2963	-155.0632	1.05	0.2284	0
scn	KAKN.BHN.AV	58.2963	-155.0632	1.05	0.2304	0
scn	KCG.EHE.AV	58.3069	-155.1135	0.76	11.4190	0
scn	KCG.EHN.AV	58.3069	-155.1135	0.76	11.4190	0
scn	KCG.EHZ.AV	58.3069	-155.1135	0.76	11.4190	1
scn	KCE.EHZ.AV	58.2426	-155.1854	0.78	10.9560	1
scn	KBM.EHZ.AV	58.2743	-155.2038	0.73	10.9560	1
scn	KAWH.EHZ.AV	58.3830	-154.7813	0.78	10.9560	0
scn	KABR.EHZ.AV	58.1305	-154.9713	0.88	5.4909	1
scn	KABU.BHZ.AV	58.2702	-155.2843	1.06	0.2476	0
scn	KABU.BHN.AV	58.2702	-155.2843	1.06	0.2304	0
scn	KABU.BHE.AV	58.2702	-155.2843	1.06	0.2284	0
scn	MGLS.EHZ.AV	58.1336	-155.1629	0.47	3.0900	0
scn	KVT.EHZ.AV	58.3810	-155.2971	0.46	10.9560	0
scn	ACH.EHN.AV	58.2100	-155.3281	0.96	11.4190	0
scn	ACH.EHE.AV	58.2100	-155.3281	0.96	11.4190	0
scn	ACH.EHZ.AV	58.2100	-155.3281	0.96	11.4190	0
scn	KAIC.EHZ.AV	58.4843	-155.0479	0.73	6.1660	0
scn	KARR.EHZ.AV	58.4971	-154.7054	0.61	21.8598	0
scn	CAHL.EHZ.AV	58.0518	-155.3036	0.81	1.5490	0
scn	KAHG.EHZ.AV	58.4933	-154.5484	0.92	10.9560	0
scn	KAHC.EHZ.AV	58.6483	-155.0081	1.25	2.7520	0


SUBNET	Martin	58.1692	-155.3566	0
scn	ACH.EHN.AV	58.2100	-155.3281	0.96	11.4190	0
scn	ACH.EHE.AV	58.2100	-155.3281	0.96	11.4190	0
scn	ACH.EHZ.AV	58.2100	-155.3281	0.96	11.4190	1
scn	ANCK.EHZ.AV	58.1981	-155.4961	0.87	3.0900	1
scn	KABU.BHZ.AV	58.2702	-155.2843	1.06	0.2476	1
scn	KABU.BHN.AV	58.2702	-155.2843	1.06	0.2304	0
scn	KABU.BHE.AV	58.2702	-155.2843	1.06	0.2284	0
scn	MGLS.EHZ.AV	58.1336	-155.1629	0.47	3.0900	1
scn	KCE.EHZ.AV	58.2426	-155.1854	0.78	10.9560	0
scn	CAHL.EHZ.AV	58.0518	-155.3036	0.81	1.5490	1
scn	KBM.EHZ.AV	58.2743	-155.2038	0.73	10.9560	0
scn	KJL.EHZ.AV	58.0533	-155.5753	0.79	6.1660	0
scn	KCG.EHE.AV	58.3069	-155.1135	0.76	11.4190	0
scn	KCG.EHN.AV	58.3069	-155.1135	0.76	11.4190	0
scn	KCG.EHZ.AV	58.3069	-155.1135	0.76	11.4190	0
scn	KAKN.BHZ.AV	58.2963	-155.0632	1.05	0.2476	0
scn	KAKN.BHE.AV	58.2963	-155.0632	1.05	0.2284	0
scn	KAKN.BHN.AV	58.2963	-155.0632	1.05	0.2304	0
scn	KABR.EHZ.AV	58.1305	-154.9713	0.88	5.4909	0
scn	KVT.EHZ.AV	58.3810	-155.2971	0.46	10.9560	0
scn	KAIC.EHZ.AV	58.4843	-155.0479	0.73	6.1660	0


SUBNET	Peulik	57.7510	-156.3680	1
scn	PLK2.EHZ.AV	57.7635	-156.3264	0.40	11.7861	1
scn	PLK3.EHE.AV	57.6880	-156.2695	0.49	6.2850	0
scn	PLK3.EHN.AV	57.6880	-156.2695	0.49	6.2850	0
scn	PLK3.EHZ.AV	57.6880	-156.2695	0.49	6.2850	1
scn	PLK4.EHZ.AV	57.6314	-156.3598	1.03	11.5770	1
scn	PLK1.EHZ.AV	57.8012	-156.6093	0.08	5.7061	1
scn	PLWL.EHZ.AV	58.0442	-156.3434	0.58	11.6440	1


SUBNET	Aniakchak	56.8815	-158.1546	1
scn	ANON.EHE.AV	56.9190	-158.1737	0.45	11.4190	0
scn	ANON.EHN.AV	56.9190	-158.1737	0.45	11.4190	0
scn	ANON.EHZ.AV	56.9190	-158.1737	0.45	11.4190	0
scn	ANPK.EHZ.AV	56.8409	-158.1283	0.97	3.1130	1
scn	AZAC.EHZ.AV	56.8947	-158.2328	1.06	10.9560	1
scn	ANNE.EHZ.AV	56.9119	-158.0610	0.70	10.9560	1
scn	ANNW.EHZ.AV	56.9656	-158.2170	0.82	10.9560	1
scn	ANPB.EHZ.AV	56.8016	-158.2829	0.66	12.3030	1
scn	BPBC.EHZ.AV	56.5889	-158.4547	0.58	0.6920	1


SUBNET	Veniaminof	56.1979	-159.3931	1
scn	VNSS.EHZ.AV	56.2259	-159.4569	1.73	0.1850	1
scn	VNNF.EHZ.AV	56.2829	-159.3181	1.15	0.7000	0
scn	VNWF.EHZ.AV	56.1509	-159.5643	1.09	0.7040	0
scn	VNFG.EHZ.AV	56.2849	-159.5532	1.07	1.4140	1
scn	VNHG.EHZ.AV	56.2203	-159.1663	0.97	0.6920	1
scn	VNSW.EHZ.AV	56.0712	-159.5606	0.72	1.4420	0
scn	VNKR.EHZ.AV	56.0304	-159.3699	0.62	0.6920	0
scn	VNSG.EHZ.AV	56.1250	-159.0875	0.76	1.4010	1


SUBNET	Pavlof	55.4173	-161.8937	1
scn	PV6.EHZ.AV	55.4528	-161.9205	0.75	55.4662	0
scn	PV6.EHE.AV	55.4528	-161.9205	0.75	55.4662	0
scn	PV6.EHN.AV	55.4528	-161.9205	0.75	55.4662	0
scn	PN7A.BDF.AV	55.4329	-161.9973	0.84	0.0000	0
scn	PN7A.EHZ.AV	55.4329	-161.9973	0.84	25.3492	1
scn	PVV.EHZ.AV	55.3732	-161.7919	0.17	13.1351	1
scn	PS4A.EHZ.AV	55.3460	-161.8567	0.32	24.5471	1
scn	PS1A.EHZ.AV	55.4201	-161.7437	0.28	24.8213	1
scn	HAG.EHZ.AV	55.3170	-161.9045	0.52	12.4319	1
scn	DOL.EHZ.AV	55.1488	-161.8638	0.44	6.3179	0
scn	BLHA.EHZ.AV	55.7038	-162.0611	0.41	6.2120	0
scn	DTN.EHZ.AV	55.1448	-162.2590	0.40	6.4131	0


SUBNET	Dutton	55.1867	-162.2744	1
scn	DTN.EHZ.AV	55.1448	-162.2590	0.40	6.4131	1
scn	DT1.EHZ.AV	55.1062	-162.2801	0.20	12.4200	1
scn	DRR3.EHZ.AV	54.9660	-162.2631	0.46	12.5130	1
scn	DOL.EHZ.AV	55.1488	-161.8638	0.44	6.3179	1
scn	HAG.EHZ.AV	55.3170	-161.9045	0.52	12.4319	0
scn	PS4A.EHZ.AV	55.3460	-161.8567	0.32	24.5471	0
scn	PN7A.BDF.AV	55.4329	-161.9973	0.84	0.0000	0
scn	PN7A.EHZ.AV	55.4329	-161.9973	0.84	25.3492	0
scn	PV6.EHZ.AV	55.4528	-161.9205	0.75	55.4662	0
scn	PV6.EHE.AV	55.4528	-161.9205	0.75	55.4662	0
scn	PV6.EHN.AV	55.4528	-161.9205	0.75	55.4662	0


SUBNET	Shishaldin	54.7554	-163.9711	1
scn	SSLS.EHZ.AV	54.7111	-164.0008	0.82	25.0188	0
scn	SSLS.EHN.AV	54.7111	-164.0008	0.82	25.0188	0
scn	SSLS.EHE.AV	54.7111	-164.0008	0.82	25.0188	0
scn	SSLN.EHZ.AV	54.8109	-163.9979	0.64	6.1660	1
scn	SSLW.EHZ.AV	54.7709	-164.1234	0.64	12.3030	1
scn	SSBA.BHE.AV	54.7718	-164.1265	0.77	0.2284	0
scn	SSBA.BHN.AV	54.7718	-164.1265	0.77	0.2304	0
scn	SSBA.BHZ.AV	54.7718	-164.1265	0.77	0.2476	1
scn	ISNN.EHZ.AV	54.8314	-163.7804	0.47	0.6950	1
scn	ISLZ.EHZ.AV	54.7251	-163.7130	0.63	2.7810	0
scn	BRPK.EHZ.AV	54.6446	-163.7428	0.39	5.5491	0
scn	WTUG.EHZ.AV	54.8466	-164.3873	0.64	12.2969	0


SUBNET	Westdahl	54.5171	-164.6476	1
scn	WESP.EHN.AV	54.4926	-164.7233	0.94	25.6259	0
scn	WESP.EHE.AV	54.4926	-164.7233	0.94	25.6259	0
scn	WESP.EHZ.AV	54.4926	-164.7233	0.94	25.6259	1
scn	WESE.EHZ.AV	54.4723	-164.5860	0.95	12.2969	1
scn	WESN.EHZ.AV	54.5761	-164.5804	0.55	12.2969	1
scn	WECS.EHZ.AV	54.5300	-164.7796	0.64	12.2969	1
scn	WEBT.EHZ.AV	54.5902	-164.7550	0.47	12.2969	1
scn	WTUG.EHZ.AV	54.8466	-164.3873	0.64	12.2969	0


SUBNET	Akutan	54.1331	-165.9856	1
scn	AKV.EHZ.AV	54.1253	-165.9647	0.86	25.0589	1
scn	AKLV.BHE.AV	54.1618	-165.9576	0.55	0.2284	0
scn	AKLV.BHZ.AV	54.1618	-165.9576	0.55	0.2476	1
scn	AKLV.BHN.AV	54.1618	-165.9576	0.55	0.2304	0
scn	LVA.EHZ.AV	54.1600	-166.0358	0.46	6.2520	1
scn	ZRO.EHZ.AV	54.0907	-165.9800	0.45	6.2520	1
scn	AKMO.BHE.AV	54.0903	-166.0126	0.28	0.2284	0
scn	AKMO.BHN.AV	54.0903	-166.0126	0.28	0.2304	0
scn	AKMO.BHZ.AV	54.0903	-166.0126	0.28	0.2476	1
scn	AKBB.BHN.AV	54.0975	-165.9338	0.31	0.2304	0
scn	AKBB.BHZ.AV	54.0975	-165.9338	0.31	0.2476	1
scn	AKBB.BHE.AV	54.0975	-165.9338	0.31	0.2284	0
scn	AKRB.BHE.AV	54.1292	-166.0708	0.33	0.2284	0
scn	AKRB.BHN.AV	54.1292	-166.0708	0.33	0.2304	0
scn	AKRB.BHZ.AV	54.1292	-166.0708	0.33	0.2476	0
scn	AKGG.BHN.AV	54.1979	-165.9936	0.33	0.2304	0
scn	AKGG.BHE.AV	54.1979	-165.9936	0.33	0.2284	0
scn	AKGG.BHZ.AV	54.1979	-165.9936	0.33	0.2304	0
scn	HSB.EHZ.AV	54.1859	-165.9144	0.50	6.4098	0
scn	AHB.EHZ.AV	54.1144	-165.8177	0.45	12.3210	0
scn	AKUT.BHN.AT	54.1352	-165.7719	0.02	1.5895	0
scn	AKUT.BHZ.AT	54.1352	-165.7719	0.02	1.5895	0
scn	AKUT.BHE.AT	54.1352	-165.7719	0.02	1.5895	0
scn	AKS.EHE.AV	54.1095	-165.6987	0.21	6.4470	0
scn	AKS.EHN.AV	54.1095	-165.6987	0.21	6.4470	0
scn	AKS.EHZ.AV	54.1095	-165.6987	0.21	6.4470	0
scn	AKSA.BHE.AV	54.1095	-165.6987	0.21	0.2284	0
scn	AKSA.BHN.AV	54.1095	-165.6987	0.21	0.2304	0
scn	AKSA.BHZ.AV	54.1095	-165.6987	0.21	0.2476	0


SUBNET	Makushin	53.8899	-166.9250	1
scn	MCIR.EHZ.AV	53.9505	-166.8942	0.80	22.0099	1
scn	MAPS.BHZ.AV	53.8082	-166.9407	0.33	0.2476	1
scn	MAPS.BHN.AV	53.8082	-166.9407	0.33	0.2304	0
scn	MAPS.BHE.AV	53.8082	-166.9407	0.33	0.2284	0
scn	MSW.EHN.AV	53.9148	-166.7880	0.42	11.4190	0
scn	MSW.EHZ.AV	53.9148	-166.7880	0.42	11.4190	1
scn	MSW.EHE.AV	53.9148	-166.7880	0.42	11.4190	0
scn	MSW.BHN.AV	53.9148	-166.7880	0.42	0.2304	0
scn	MSW.BHE.AV	53.9148	-166.7880	0.42	0.2284	0
scn	MSW.BHZ.AV	53.9148	-166.7880	0.42	0.2476	0
scn	MGOD.EHZ.AV	53.7938	-166.8780	0.65	20.5309	0
scn	MGOD.BHZ.AV	53.7938	-166.8780	0.65	0.2476	1
scn	MGOD.BHE.AV	53.7938	-166.8780	0.65	0.2284	0
scn	MGOD.BHN.AV	53.7938	-166.8780	0.65	0.2304	0
scn	MREP.EHZ.AV	53.8098	-166.7476	0.79	5.5491	1
scn	MNAT.EHZ.AV	53.8829	-166.6856	0.40	44.3931	1
scn	MNAT.BHE.AV	53.8829	-166.6856	0.40	0.2284	0
scn	MNAT.BHN.AV	53.8829	-166.6856	0.40	0.2304	0
scn	MNAT.BHZ.AV	53.8829	-166.6856	0.40	0.2476	0
scn	MTBL.EHZ.AV	53.9680	-166.6813	0.81	11.0070	0
scn	UNV.BHE.AK	53.8456	-166.5040	0.07	0.5860	0
scn	UNV.BHN.AK	53.8456	-166.5040	0.07	0.5843	0
scn	UNV.BHZ.AK	53.8456	-166.5040	0.07	0.5908	0


SUBNET	Okmok	53.3970	-168.1660	1
scn	OKCF.EHZ.AV	53.3948	-168.1382	0.69	44.0800	0
scn	OKCE.BHZ.AV	53.4260	-168.1663	0.52	0.2476	0
scn	OKCE.BHN.AV	53.4260	-168.1663	0.52	0.2304	0
scn	OKCE.BHE.AV	53.4260	-168.1663	0.52	0.2284	0
scn	OKSO.BHN.AV	53.3565	-168.1619	0.46	0.2304	0
scn	OKSO.BHE.AV	53.3565	-168.1619	0.46	0.2284	0
scn	OKSO.BHZ.AV	53.3565	-168.1619	0.46	0.2476	0
scn	OKWR.EHZ.AV	53.4337	-168.2076	1.02	22.0931	0
scn	OKNC.BHN.AV	53.4559	-168.1257	0.40	0.2304	0
scn	OKNC.BHZ.AV	53.4559	-168.1257	0.40	0.2476	0
scn	OKNC.BHE.AV	53.4559	-168.1257	0.40	0.2284	0
scn	OKTU.EHZ.AV	53.3829	-168.0431	0.65	5.5491	1
scn	OKWE.EHZ.AV	53.4711	-168.2418	0.45	0.3470	1
scn	OKER.EHZ.AV	53.4536	-168.0513	0.96	11.0720	1
scn	OKAK.EHZ.AV	53.4113	-168.3600	0.17	11.2801	1
scn	OKRE.EHZ.AV	53.5192	-168.1661	0.42	11.0720	1
scn	OKFG.BHE.AV	53.4107	-167.9115	0.20	0.2284	0
scn	OKFG.BHZ.AV	53.4107	-167.9115	0.20	0.2476	0
scn	OKFG.BHN.AV	53.4107	-167.9115	0.20	0.2304	0
scn	OKSP.EHZ.AV	53.2516	-168.2925	0.61	0.7050	0
scn	OKID.EHZ.AV	53.4764	-167.8182	0.44	0.3470	0


SUBNET	Korovin	52.3817	-174.1653	1
scn	KOKV.EHZ.AV	52.3603	-174.1673	0.78	0.3930	0
scn	KOKV.EHN.AV	52.3603	-174.1673	0.78	0.3930	0
scn	KOKV.EHE.AV	52.3603	-174.1673	0.78	0.3630	0
scn	KONE.EHZ.AV	52.3925	-174.1213	0.25	2.8760	1
scn	KONW.EHZ.AV	52.3954	-174.2125	0.33	0.3930	0
scn	KOWE.EHZ.AV	52.3646	-174.2527	0.53	0.3630	1
scn	KOKL.EHZ.AV	52.3221	-174.2022	0.76	0.3680	1
scn	KOSE.EHZ.AV	52.3447	-174.0505	0.62	1.4360	1
scn	KOFP.EHZ.AV	52.2740	-174.0992	0.66	0.3550	1
scn	ATKA.BHZ.AK	52.2016	-174.1975	0.06	2.0409	1
scn	ATKA.BHE.AK	52.2016	-174.1975	0.06	2.0409	0
scn	ATKA.BHN.AK	52.2016	-174.1975	0.06	2.0409	0


SUBNET	GreatSitkin	52.0765	-176.1109	1
scn	GSTD.EHE.AV	52.0548	-176.1468	0.87	0.3930	0
scn	GSTD.EHN.AV	52.0548	-176.1468	0.87	0.3930	0
scn	GSTD.EHZ.AV	52.0548	-176.1468	0.87	0.3930	1
scn	GSTR.EHZ.AV	52.0932	-176.0611	0.54	0.3530	1
scn	GSSP.EHZ.AV	52.0917	-176.1777	0.29	0.6920	1
scn	GSMY.EHZ.AV	52.0421	-176.0583	0.42	0.3530	1
scn	GSCK.EHZ.AV	52.0108	-176.1640	0.38	0.1740	0
scn	GSIG.SHZ.AV	51.9853	-175.9270	0.41	0.7050	0
scn	ETKA.EHZ.AV	51.8608	-176.4079	0.29	0.6160	1


SUBNET	Kanaga	51.9242	-177.1623	1
scn	KINC.EHZ.AV	51.9303	-177.1296	0.20	1.2520	1
scn	KICM.EHZ.AV	51.9178	-177.1973	0.18	2.4970	1
scn	KIKV.EHZ.AV	51.8777	-177.1724	0.41	0.6500	1
scn	KIRH.EHZ.AV	51.8985	-177.0955	0.31	1.2300	1
scn	KIWB.EHZ.AV	51.8520	-177.1528	0.24	1.2520	1
scn	KIMD.EHZ.AV	51.7605	-177.2369	0.18	0.3140	1


SUBNET	Tanaga	51.8840	-178.1430	1
scn	TACS.EHZ.AV	51.8621	-178.1414	0.92	11.7750	0
scn	TANO.EHZ.AV	51.9146	-178.1228	0.27	1.4530	1
scn	TASE.EHZ.AV	51.8339	-178.0390	0.68	0.3640	1
scn	TAFP.EHZ.AV	51.8990	-177.9853	0.44	0.3930	1
scn	TAFP.EHE.AV	51.8990	-177.9853	0.44	0.3930	0
scn	TAFP.EHN.AV	51.8990	-177.9853	0.44	0.3930	0
scn	TAFL.EHZ.AV	51.7555	-177.8998	0.19	7.3801	1
scn	TAPA.EHZ.AV	51.8144	-177.8148	0.64	0.7210	1


SUBNET	Gareloi	51.7892	-178.7960	1
scn	GAEA.EHZ.AV	51.7819	-178.7488	0.33	0.3470	1
scn	GANE.EHZ.AV	51.8178	-178.7787	0.33	0.3640	1
scn	GANO.EHZ.AV	51.8192	-178.8058	0.45	0.7920	1
scn	GALA.EHZ.AV	51.7606	-178.7735	0.32	0.7220	1
scn	GASW.EHN.AV	51.7789	-178.8566	0.25	0.3930	0
scn	GASW.EHZ.AV	51.7789	-178.8566	0.25	0.3930	0
scn	GASW.EHE.AV	51.7789	-178.8566	0.25	0.3930	0
scn	GAKI.EHZ.AV	51.5534	-178.8140	0.10	0.1810	0


SUBNET	Semisopochnoi	51.9288	179.5977	1
scn	CERB.SHE.AV	51.9302	179.6277	0.30	22.2608	0
scn	CERB.SHZ.AV	51.9302	179.6277	0.30	22.9542	1
scn	CERB.SHN.AV	51.9302	179.6277	0.30	23.0851	0
scn	CESW.SHZ.AV	51.8998	179.5613	0.24	5.5491	1
scn	CEPE.SHZ.AV	51.9646	179.6472	0.34	5.5491	0
scn	CERA.SHZ.AV	51.9058	179.6826	0.30	11.0720	1
scn	CEAP.SHZ.AV	52.0012	179.5758	0.24	22.0931	1
scn	CETU.SHZ.AV	51.9649	179.4922	0.34	11.0720	1


SUBNET	LittleSitkin	51.9531	178.5356	1
scn	LSSA.SHZ.AV	51.9484	178.5112	0.55	11.1891	1
scn	LSNW.SHZ.AV	51.9693	178.5148	0.29	5.5491	1
scn	LSPA.SHZ.AV	51.9557	178.5714	0.34	23.0282	1
scn	LSPA.SHE.AV	51.9557	178.5714	0.34	22.7692	0
scn	LSPA.SHN.AV	51.9557	178.5714	0.34	22.9938	0
scn	LSSE.SHZ.AV	51.9320	178.5670	0.34	11.0720	1


