   1.0000         0         0
    1.0000    0.0370         0
    1.0000    0.0741         0
    1.0000    0.1111         0
    1.0000    0.1481         0
    1.0000    0.1852         0
    1.0000    0.2222         0
    1.0000    0.2593         0
    1.0000    0.2963         0
    1.0000    0.3333         0
    1.0000    0.3704         0
    1.0000    0.4074         0
    1.0000    0.4444         0
    1.0000    0.4815         0
    1.0000    0.5185         0
    1.0000    0.5556         0
    1.0000    0.5926         0
    1.0000    0.6296         0
    1.0000    0.6667         0
    1.0000    0.7037         0
    1.0000    0.7407         0
    1.0000    0.7778         0
    1.0000    0.8148         0
    1.0000    0.8519         0
    1.0000    0.8889         0
    1.0000    0.9259         0
    1.0000    0.9630         0
    1.0000    1.0000         0
    1.0000    1.0000         0
    1.0000    1.0000         0
    1.0000    1.0000         0
    1.0000    1.0000         0
    1.0000    1.0000         0
    1.0000    1.0000         0
    1.0000    1.0000         0
    1.0000    1.0000         0
    1.0000    1.0000         0
    1.0000    1.0000         0
    0.9615    0.9615    0.0385
    0.9231    0.9231    0.0769
    0.8846    0.8846    0.1154
    0.8462    0.8462    0.1538
    0.8077    0.8077    0.1923
    0.7692    0.7692    0.2308
    0.7308    0.7308    0.2692
    0.6923    0.6923    0.3077
    0.6538    0.6538    0.3462
    0.6154    0.6154    0.3846
    0.5769    0.5769    0.4231
    0.5385    0.5385    0.4615
    0.5000    0.5000    0.5000
    0.4615    0.4615    0.5385
    0.4231    0.4231    0.5769
    0.3846    0.3846    0.6154
    0.3462    0.3462    0.6538
    0.3077    0.3077    0.6923
    0.2692    0.2692    0.7308
    0.2308    0.2308    0.7692
    0.1923    0.1923    0.8077
    0.1538    0.1538    0.8462
    0.1154    0.1154    0.8846
    0.0769    0.0769    0.9231
    0.0385    0.0385    0.9615
         0         0    1.0000