         0         0    0.5625
         0         0    0.5844
         0         0    0.6062
         0         0    0.6281
         0         0    0.6500
         0         0    0.6719
         0         0    0.6938
         0         0    0.7156
         0         0    0.7375
         0         0    0.7594
         0         0    0.7813
         0         0    0.8031
         0         0    0.8250
         0         0    0.8469
         0         0    0.8687
         0         0    0.8906
         0         0    0.9125
         0         0    0.9344
         0         0    0.9563
         0         0    0.9781
         0         0    1.0000
         0    0.0556    1.0000
         0    0.1111    1.0000
         0    0.1667    1.0000
         0    0.2222    1.0000
         0    0.2778    1.0000
         0    0.3333    1.0000
         0    0.3889    1.0000
         0    0.4444    1.0000
         0    0.5000    1.0000
         0    0.5556    1.0000
         0    0.6111    1.0000
         0    0.6667    1.0000
         0    0.7222    1.0000
         0    0.7778    1.0000
         0    0.8333    1.0000
         0    0.8889    1.0000
         0    0.9444    1.0000
         0    1.0000    1.0000
         0    1.0000    0.8752
         0    1.0000    0.7503
         0    1.0000    0.6255
         0    1.0000    0.5007
         0    1.0000    0.3758
         0    1.0000    0.2510
    0.1667    1.0000    0.2092
    0.3333    1.0000    0.1673
    0.5000    1.0000    0.1255
    0.6667    1.0000    0.0837
    0.8333    1.0000    0.0418
    1.0000    1.0000         0
    1.0000    1.0000         0
    1.0000    1.0000         0
    1.0000    0.8000         0
    1.0000    0.6000         0
    1.0000    0.4000         0
    1.0000    0.2000         0
    1.0000         0         0
    0.9333         0         0
    0.8667         0         0
    0.8000         0         0
    0.7333         0         0
    0.6667    0.1000    0.1000
    0.4000    0.2000    0.2000