# @(#)cf3	1.1 6/29/94
# Crystal A/D Stage 3. Low-pass FIR for decimation by 2
# fc = 0.08*fc   stop band: 0.2*fs to 1*fs
# type                   2
# num of poles           0
# input sample interval  7.8125e-06
# decimal factor         2   
# normalization factor   1.0
# gain                   1.0
theoretical  1  anti_alias   fir    coef_conv
100 2 50     
101
-7.150325e-07   0.0
-5.601088e-06   0.0
-2.621786e-06   0.0
-4.314029e-05   0.0
-4.647711e-06   0.0
 1.430065e-06   0.0
 2.347690e-05   0.0
 1.430065e-06   0.0
-5.279323e-05   0.0
-3.666925e-04   0.0
 3.761071e-04   0.0
 8.542255e-04   0.0
 3.050805e-05   0.0
-1.276214e-03   0.0
-9.109514e-04   0.0
 1.276691e-03   0.0
 2.151652e-03   0.0
-4.615535e-04   0.0
-3.337653e-03   0.0
-1.409329e-03   0.0
 3.770724e-03   0.0
 4.194142e-03   0.0
-2.642879e-03   0.0
-7.201211e-03   0.0
-6.440059e-04   0.0
 9.183997e-03   0.0
 6.084450e-03   0.0
-8.578245e-03   0.0
-1.274009e-02   0.0
 3.982254e-03   0.0
 1.862612e-02   0.0
 5.205198e-03   0.0
-2.094068e-02   0.0
-1.816290e-02   0.0
 1.666693e-02   0.0
 3.224475e-02   0.0
-3.465882e-03   0.0
-4.295284e-02   0.0
-1.932649e-02   0.0
 4.430901e-02   0.0
 4.979093e-02   0.0
-2.941644e-02   0.0
-8.260782e-02   0.0
-9.341661e-03   0.0
 1.075524e-01   0.0
 8.166041e-02   0.0
-1.031097e-01   0.0
-2.042083e-01   0.0
-3.122309e-05   0.0
 3.904325e-01   0.0
 5.899579e-01   0.0
 3.904325e-01   0.0
-3.122309e-05   0.0
-2.042083e-01   0.0
-1.031097e-01   0.0
 8.166041e-02   0.0
 1.075524e-01   0.0
-9.341661e-03   0.0
-8.260782e-02   0.0
-2.941644e-02   0.0
 4.979093e-02   0.0
 4.430901e-02   0.0
-1.932649e-02   0.0
-4.295284e-02   0.0
-3.465882e-03   0.0
 3.224475e-02   0.0
 1.666693e-02   0.0
-1.816290e-02   0.0
-2.094068e-02   0.0
 5.205198e-03   0.0
 1.862612e-02   0.0
 3.982254e-03   0.0
-1.274009e-02   0.0
-8.578245e-03   0.0
 6.084450e-03   0.0
 9.183997e-03   0.0
-6.440059e-04   0.0
-7.201211e-03   0.0
-2.642879e-03   0.0
 4.194142e-03   0.0
 3.770724e-03   0.0
-1.409329e-03   0.0
-3.337653e-03   0.0
-4.615535e-04   0.0
 2.151652e-03   0.0
 1.276691e-03   0.0
-9.109514e-04   0.0
-1.276214e-03   0.0
 3.050805e-05   0.0
 8.542255e-04   0.0
 3.761071e-04   0.0
-3.666925e-04   0.0
-4.103095e-04   0.0
 2.526448e-05   0.0
 2.618211e-04   0.0
 1.206021e-04   0.0
-9.998538e-05   0.0
-1.623124e-04   0.0
-9.795945e-05   0.0
-2.943550e-05   0.0
-3.098474e-06   0.0
0
